BGR	01/12/2021	934,9710983	1	44,9	28	910,6936416
BGR	02/12/2021	910,6936416	2	44,9	28	899,566474
BGR	03/12/2021	899,566474	3	44,9	28	872,1098266
BGR	04/12/2021	872,1098266	4	44,9	28	878,9017341
BGR	05/12/2021	878,9017341	5	44,9	28	885,8381503
BGR	06/12/2021	885,8381503	6	44,9	28	835,2601156
BGR	07/12/2021	835,2601156	7	44,9	28	823,9884393
BGR	08/12/2021	823,9884393	8	44,9	28	802,1676301
BGR	09/12/2021	802,1676301	9	44,9	28	781,9364162
BGR	10/12/2021	781,9364162	10	44,9	28	757,5144509
BGR	11/12/2021	757,5144509	11	44,9	28	763,583815
BGR	12/12/2021	763,583815	12	44,9	28	768,2080925
BGR	13/12/2021	768,2080925	13	44,9	28	739,017341
BGR	14/12/2021	739,017341	14	44,9	28	716,9075145
BGR	15/12/2021	716,9075145	15	44,9	28	703,6127168
BGR	16/12/2021	703,6127168	16	44,9	28	692,3410405
BGR	17/12/2021	692,3410405	17	44,9	28	651,8786127
BGR	18/12/2021	651,8786127	18	44,9	28	661,1271676
BGR	19/12/2021	661,1271676	19	44,9	28	666,6184971
BGR	20/12/2021	666,6184971	20	44,9	28	643,3526012
BGR	21/12/2021	643,3526012	21	44,9	28	621,3872832
BGR	22/12/2021	621,3872832	22	44,9	28	612,8612717
BGR	23/12/2021	612,8612717	23	44,9	28	593,0635838
BGR	24/12/2021	593,0635838	24	44,9	28	584,8265896
BGR	25/12/2021	584,8265896	25	44,9	28	581,3583815
BGR	26/12/2021	581,3583815	26	44,9	28	588,583815
BGR	27/12/2021	588,583815	27	44,9	28	591,0404624
BGR	28/12/2021	591,0404624	28	44,9	28	598,5549133
BGR	29/12/2021	598,5549133	29	44,9	28	588,2947977
BGR	30/12/2021	588,2947977	30	44,9	28	592,4855491
BGR	31/12/2021	592,4855491	31	44,9	28	581,2138728
BGR	01/01/2022	581,2138728	32	44,9	28	586,5606936
BGR	02/01/2022	586,5606936	33	44,9	28	578,3236994
BGR	03/01/2022	578,3236994	34	44,9	28	575,1445087
BGR	04/01/2022	575,1445087	35	44,9	28	563,7283237
BGR	05/01/2022	563,7283237	36	44,9	28	563,583815
BGR	06/01/2022	563,583815	37	44,9	28	692,1965318
BGR	07/01/2022	692,1965318	38	44,9	28	711,849711
BGR	08/01/2022	711,849711	39	44,9	28	723,8439306
BGR	09/01/2022	723,8439306	40	44,9	28	659,6820809
BGR	10/01/2022	659,6820809	41	44,9	28	615,3179191
BGR	11/01/2022	615,3179191	42	44,9	28	598,5549133
BGR	12/01/2022	598,5549133	43	44,9	28	588,2947977
BGR	13/01/2022	588,2947977	44	44,9	28	592,4855491
BGR	14/01/2022	592,4855491	45	44,9	28	581,2138728
BGR	15/01/2022	581,2138728	46	44,9	28	586,5606936
BGR	16/01/2022	586,5606936	47	44,9	28	583,5260116
BGR	17/01/2022	583,5260116	48	44,9	28	570
BGR	18/01/2022	570	49	44,9	28	561
BGR	19/01/2022	561	50	44,9	28	541
BGR	20/01/2022	541	51	44,9	28	514
BGR	21/01/2022	514	52	44,9	28	503
BGR	22/01/2022	503	53	44,9	28	488
BGR	23/01/2022	488	54	44,9	28	470
BGR	24/01/2022	470	55	44,9	28	456
BGR	25/01/2022	456	56	44,9	28	402
BGR	26/01/2022	402	57	44,9	28	400
BGR	27/01/2022	400	58	44,9	28	389
HRV	01/12/2021	607,4257426	1	43,3	52,83	675,4950495
HRV	02/12/2021	675,4950495	2	43,3	52,83	594,0594059
HRV	03/12/2021	594,0594059	3	43,3	52,83	589,6039604
HRV	04/12/2021	589,6039604	4	43,3	52,83	589,3564356
HRV	05/12/2021	589,3564356	5	43,3	52,83	604,950495
HRV	06/12/2021	604,950495	6	43,3	52,83	602,970297
HRV	07/12/2021	602,970297	7	43,3	52,83	597,029703
HRV	08/12/2021	597,029703	8	43,3	52,83	582,1782178
HRV	09/12/2021	582,1782178	9	43,3	52,83	576,4851485
HRV	10/12/2021	576,4851485	10	43,3	52,83	566,8316832
HRV	11/12/2021	566,8316832	11	43,3	52,83	567,5742574
HRV	12/12/2021	567,5742574	12	43,3	52,83	569,3069307
HRV	13/12/2021	569,3069307	13	43,3	52,83	557,6732673
HRV	14/12/2021	557,6732673	14	43,3	52,83	558,4158416
HRV	15/12/2021	558,4158416	15	43,3	52,83	557,6732673
HRV	16/12/2021	557,6732673	16	43,3	52,83	541,5841584
HRV	17/12/2021	541,5841584	17	43,3	52,83	533,1683168
HRV	18/12/2021	533,1683168	18	43,3	52,83	536,3861386
HRV	19/12/2021	536,3861386	19	43,3	52,83	539,1089109
HRV	20/12/2021	539,1089109	20	43,3	52,83	531,6831683
HRV	21/12/2021	531,6831683	21	43,3	52,83	511,3861386
HRV	22/12/2021	511,3861386	22	43,3	52,83	490,3465347
HRV	23/12/2021	490,3465347	23	43,3	52,83	468,5643564
HRV	24/12/2021	468,5643564	24	43,3	52,83	447,2772277
HRV	25/12/2021	447,2772277	25	43,3	52,83	451,4851485
HRV	26/12/2021	451,4851485	26	43,3	52,83	443,5643564
HRV	27/12/2021	443,5643564	27	43,3	52,83	436,3861386
HRV	28/12/2021	436,3861386	28	43,3	52,83	440,5940594
HRV	29/12/2021	440,5940594	29	43,3	52,83	418,8118812
HRV	30/12/2021	418,8118812	30	43,3	52,83	417,0792079
HRV	31/12/2021	417,0792079	31	43,3	52,83	406,1881188
HRV	01/01/2022	406,1881188	32	43,3	52,83	412,1287129
HRV	02/01/2022	412,1287129	33	43,3	52,83	395,5445545
HRV	03/01/2022	395,5445545	34	43,3	52,83	392,8217822
HRV	04/01/2022	392,8217822	35	43,3	52,83	382,1782178
HRV	05/01/2022	382,1782178	36	43,3	52,83	371,039604
HRV	06/01/2022	371,039604	37	43,3	52,83	360,1485149
HRV	07/01/2022	360,1485149	38	43,3	52,83	365,5940594
HRV	08/01/2022	365,5940594	39	43,3	52,83	351,4851485
HRV	09/01/2022	351,4851485	40	43,3	52,83	346,2871287
HRV	10/01/2022	346,2871287	41	43,3	52,83	335,3960396
HRV	11/01/2022	335,3960396	42	43,3	52,83	297,029703
HRV	12/01/2022	297,029703	43	43,3	52,83	296,5346535
HRV	13/01/2022	296,5346535	44	43,3	52,83	297,2772277
HRV	14/01/2022	297,2772277	45	43,3	52,83	293,8118812
HRV	15/01/2022	293,8118812	46	43,3	52,83	290,5940594
HRV	16/01/2022	290,5940594	47	43,3	52,83	289,1089109
HRV	17/01/2022	289,1089109	48	43,3	52,83	285
HRV	18/01/2022	281	49	43,3	52,83	275
HRV	19/01/2022	275	50	43,3	52,83	266
HRV	20/01/2022	266	51	43,3	52,83	258
HRV	21/01/2022	258	52	43,3	52,83	245
HRV	22/01/2022	245	53	43,3	52,83	244
HRV	23/01/2022	244	54	43,3	52,83	231
HRV	24/01/2022	231	55	43,3	52,83	227
HRV	25/01/2022	227	56	43,3	52,83	221
HRV	26/01/2022	221	57	43,3	52,83	215
HRV	27/01/2022	215	58	43,3	52,83	211
CYP	01/12/2021	96,66666667	1	37,3	67,84	93,33333333
CYP	02/12/2021	93,33333333	2	37,3	67,84	92,5
CYP	03/12/2021	92,5	3	37,3	67,84	95,83333333
CYP	04/12/2021	95,83333333	4	37,3	67,84	99,16666667
CYP	05/12/2021	99,16666667	5	37,3	67,84	96,66666667
CYP	06/12/2021	96,66666667	6	37,3	67,84	98,33333333
CYP	07/12/2021	98,33333333	7	37,3	67,84	106,6666667
CYP	08/12/2021	106,6666667	8	37,3	67,84	115,8333333
CYP	09/12/2021	115,8333333	9	37,3	67,84	115
CYP	10/12/2021	115	10	37,3	67,84	120,8333333
CYP	11/12/2021	120,8333333	11	37,3	67,84	121,6666667
CYP	12/12/2021	121,6666667	12	37,3	67,84	124,1666667
CYP	13/12/2021	124,1666667	13	37,3	67,84	132,5
CYP	14/12/2021	132,5	14	37,3	67,84	130,8333333
CYP	15/12/2021	130,8333333	15	37,3	67,84	137,5
CYP	16/12/2021	137,5	16	37,3	67,84	142,5
CYP	17/12/2021	142,5	17	37,3	67,84	147,5
CYP	18/12/2021	147,5	18	37,3	67,84	145,8333333
CYP	19/12/2021	145,8333333	19	37,3	67,84	149,1666667
CYP	20/12/2021	149,1666667	20	37,3	67,84	146,6666667
CYP	21/12/2021	146,6666667	21	37,3	67,84	143,3333333
CYP	22/12/2021	143,3333333	22	37,3	67,84	135
CYP	23/12/2021	135	23	37,3	67,84	140
CYP	24/12/2021	140	24	37,3	67,84	130,8333333
CYP	25/12/2021	130,8333333	25	37,3	67,84	135
CYP	26/12/2021	135	26	37,3	67,84	134,1666667
CYP	27/12/2021	134,1666667	27	37,3	67,84	140
CYP	28/12/2021	140	28	37,3	67,84	145
CYP	29/12/2021	145	29	37,3	67,84	148,3333333
CYP	30/12/2021	148,3333333	30	37,3	67,84	150
CYP	31/12/2021	150	31	37,3	67,84	155,8333333
CYP	01/01/2022	155,8333333	32	37,3	67,84	169,1666667
CYP	02/01/2022	169,1666667	33	37,3	67,84	162,5
CYP	03/01/2022	162,5	34	37,3	67,84	155,8333333
CYP	04/01/2022	155,8333333	35	37,3	67,84	162,5
CYP	05/01/2022	162,5	36	37,3	67,84	150
CYP	06/01/2022	150	37	37,3	67,84	191,6666667
CYP	07/01/2022	191,6666667	38	37,3	67,84	203,3333333
CYP	08/01/2022	203,3333333	39	37,3	67,84	209,1666667
CYP	09/01/2022	209,1666667	40	37,3	67,84	168,3333333
CYP	10/01/2022	168,3333333	41	37,3	67,84	156,6666667
CYP	11/01/2022	156,6666667	42	37,3	67,84	155,8333333
CYP	12/01/2022	155,8333333	43	37,3	67,84	140
CYP	13/01/2022	140	44	37,3	67,84	129,1666667
CYP	14/01/2022	129,1666667	45	37,3	67,84	135
CYP	15/01/2022	135	46	37,3	67,84	130,8333333
CYP	16/01/2022	130,8333333	47	37,3	67,84	120
CYP	17/01/2022	120	48	37,3	67,84	118
CYP	18/01/2022	118	49	37,3	67,84	118
CYP	19/01/2022	118	50	37,3	67,84	115
CYP	20/01/2022	115	51	37,3	67,84	116
CYP	21/01/2022	116	52	37,3	67,84	110
CYP	22/01/2022	110	53	37,3	67,84	105
CYP	23/01/2022	105	54	37,3	67,84	100
CYP	24/01/2022	100	55	37,3	67,84	88
CYP	25/01/2022	88	56	37,3	67,84	88
CYP	26/01/2022	88	57	37,3	67,84	87
CYP	27/01/2022	87	58	37,3	67,84	87
CZE	01/12/2021	652,0560748	1	42,5	62,43	660,4672897
CZE	02/12/2021	660,4672897	2	42,5	62,43	657,0093458
CZE	03/12/2021	657,0093458	3	42,5	62,43	612,7102804
CZE	04/12/2021	612,7102804	4	42,5	62,43	622,8037383
CZE	05/12/2021	622,8037383	5	42,5	62,43	666,2616822
CZE	06/12/2021	666,2616822	6	42,5	62,43	646,1682243
CZE	07/12/2021	646,1682243	7	42,5	62,43	632,0560748
CZE	08/12/2021	632,0560748	8	42,5	62,43	616,1682243
CZE	09/12/2021	616,1682243	9	42,5	62,43	598,5046729
CZE	10/12/2021	598,5046729	10	42,5	62,43	549,5327103
CZE	11/12/2021	549,5327103	11	42,5	62,43	552,0560748
CZE	12/12/2021	552,0560748	12	42,5	62,43	598,0373832
CZE	13/12/2021	598,0373832	13	42,5	62,43	571,3084112
CZE	14/12/2021	571,3084112	14	42,5	62,43	547,5700935
CZE	15/12/2021	547,5700935	15	42,5	62,43	528,9719626
CZE	16/12/2021	528,9719626	16	42,5	62,43	499,7196262
CZE	17/12/2021	499,7196262	17	42,5	62,43	451,0280374
CZE	18/12/2021	451,0280374	18	42,5	62,43	449,6261682
CZE	19/12/2021	449,6261682	19	42,5	62,43	483,364486
CZE	20/12/2021	483,364486	20	42,5	62,43	460,3738318
CZE	21/12/2021	460,3738318	21	42,5	62,43	427,5700935
CZE	22/12/2021	427,5700935	22	42,5	62,43	385,7009346
CZE	23/12/2021	385,7009346	23	42,5	62,43	327,8504673
CZE	24/12/2021	327,8504673	24	42,5	62,43	312,1495327
CZE	25/12/2021	312,1495327	25	42,5	62,43	317,2897196
CZE	26/12/2021	317,2897196	26	42,5	62,43	350,9345794
CZE	27/12/2021	350,9345794	27	42,5	62,43	341,8691589
CZE	28/12/2021	341,8691589	28	42,5	62,43	324,3925234
CZE	29/12/2021	324,3925234	29	42,5	62,43	306,635514
CZE	30/12/2021	306,635514	30	42,5	62,43	291,2149533
CZE	31/12/2021	291,2149533	31	42,5	62,43	267,6635514
CZE	01/01/2022	267,6635514	32	42,5	62,43	269,8130841
CZE	02/01/2022	269,8130841	33	42,5	62,43	287,2897196
CZE	03/01/2022	287,2897196	34	42,5	62,43	276,2616822
CZE	04/01/2022	276,2616822	35	42,5	62,43	262,8037383
CZE	05/01/2022	262,8037383	36	42,5	62,43	245,9813084
CZE	06/01/2022	245,9813084	37	42,5	62,43	243,5514019
CZE	07/01/2022	243,5514019	38	42,5	62,43	221,7757009
CZE	08/01/2022	221,7757009	39	42,5	62,43	219,5327103
CZE	09/01/2022	219,5327103	40	42,5	62,43	230,9345794
CZE	10/01/2022	230,9345794	41	42,5	62,43	212,8971963
CZE	11/01/2022	212,8971963	42	42,5	62,43	195,4205607
CZE	12/01/2022	195,4205607	43	42,5	62,43	182,9906542
CZE	13/01/2022	182,9906542	44	42,5	62,43	168,1308411
CZE	14/01/2022	168,1308411	45	42,5	62,43	148,5046729
CZE	15/01/2022	148,5046729	46	42,5	62,43	148,8785047
CZE	16/01/2022	148,8785047	47	42,5	62,43	155,1401869
CZE	17/01/2022	155,1401869	48	42,5	62,43	149
CZE	18/01/2022	149	49	42,5	62,43	144
CZE	19/01/2022	144	50	42,5	62,43	143
CZE	20/01/2022	143	51	42,5	62,43	135
CZE	21/01/2022	135	52	42,5	62,43	136
CZE	22/01/2022	136	53	42,5	62,43	131
CZE	23/01/2022	131	54	42,5	62,43	119
CZE	24/01/2022	119	55	42,5	62,43	120
CZE	25/01/2022	120	56	42,5	62,43	115
CZE	26/01/2022	115	57	42,5	62,43	114
CZE	27/01/2022	114	58	42,5	62,43	112
HUN	01/12/2021	773,9487179	1	43,3	62,34	764,1025641
HUN	02/12/2021	764,1025641	2	43,3	62,34	765,4358974
HUN	03/12/2021	765,4358974	3	43,3	62,34	765,4358974
HUN	04/12/2021	765,4358974	4	43,3	62,34	765,4358974
HUN	05/12/2021	765,4358974	5	43,3	62,34	763,0769231
HUN	06/12/2021	763,0769231	6	43,3	62,34	776,2051282
HUN	07/12/2021	776,2051282	7	43,3	62,34	739,0769231
HUN	08/12/2021	739,0769231	8	43,3	62,34	730,1538462
HUN	09/12/2021	730,1538462	9	43,3	62,34	711,6923077
HUN	10/12/2021	711,6923077	10	43,3	62,34	711,6923077
HUN	11/12/2021	711,6923077	11	43,3	62,34	711,6923077
HUN	12/12/2021	711,6923077	12	43,3	62,34	669,8461538
HUN	13/12/2021	669,8461538	13	43,3	62,34	667,3846154
HUN	14/12/2021	667,3846154	14	43,3	62,34	649,9487179
HUN	15/12/2021	649,9487179	15	43,3	62,34	626,5641026
HUN	16/12/2021	626,5641026	16	43,3	62,34	600,6153846
HUN	17/12/2021	600,6153846	17	43,3	62,34	600,6153846
HUN	18/12/2021	600,6153846	18	43,3	62,34	600,6153846
HUN	19/12/2021	600,6153846	19	43,3	62,34	567,8974359
HUN	20/12/2021	567,8974359	20	43,3	62,34	566,8717949
HUN	21/12/2021	566,8717949	21	43,3	62,34	529,1282051
HUN	22/12/2021	529,1282051	22	43,3	62,34	495,0769231
HUN	23/12/2021	495,0769231	23	43,3	62,34	495,0769231
HUN	24/12/2021	495,0769231	24	43,3	62,34	495,0769231
HUN	25/12/2021	495,0769231	25	43,3	62,34	495,0769231
HUN	26/12/2021	495,0769231	26	43,3	62,34	416,7179487
HUN	27/12/2021	416,7179487	27	43,3	62,34	412,2051282
HUN	28/12/2021	412,2051282	28	43,3	62,34	395,2820513
HUN	29/12/2021	395,2820513	29	43,3	62,34	379,1794872
HUN	30/12/2021	379,1794872	30	43,3	62,34	358,1538462
HUN	31/12/2021	358,1538462	31	43,3	62,34	358,1538462
HUN	01/01/2022	358,1538462	32	43,3	62,34	358,1538462
HUN	02/01/2022	358,1538462	33	43,3	62,34	358,1538462
HUN	03/01/2022	358,1538462	34	43,3	62,34	358,1538462
HUN	04/01/2022	358,1538462	35	43,3	62,34	343,5897436
HUN	05/01/2022	343,5897436	36	43,3	62,34	342,7692308
HUN	06/01/2022	342,7692308	37	43,3	62,34	314,8717949
HUN	07/01/2022	314,8717949	38	43,3	62,34	314,8717949
HUN	08/01/2022	314,8717949	39	43,3	62,34	314,8717949
HUN	09/01/2022	314,8717949	40	43,3	62,34	309,7435897
HUN	10/01/2022	309,7435897	41	43,3	62,34	307,5897436
HUN	11/01/2022	307,5897436	42	43,3	62,34	296,2051282
HUN	12/01/2022	296,2051282	43	43,3	62,34	285,9487179
HUN	13/01/2022	285,9487179	44	43,3	62,34	274,6666667
HUN	14/01/2022	274,6666667	45	43,3	62,34	264,4102564
HUN	15/01/2022	264,4102564	46	43,3	62,34	255,2820513
HUN	16/01/2022	255,2820513	47	43,3	62,34	253,8461538
HUN	17/01/2022	253,8461538	48	43,3	62,34	250
HUN	18/01/2022	250	49	43,3	62,34	244
HUN	19/01/2022	244	50	43,3	62,34	245
HUN	20/01/2022	245	51	43,3	62,34	239
HUN	21/01/2022	239	52	43,3	62,34	234
HUN	22/01/2022	234	53	43,3	62,34	220
HUN	23/01/2022	220	54	43,3	62,34	218
HUN	24/01/2022	218	55	43,3	62,34	218
HUN	25/01/2022	218	56	43,3	62,34	205
HUN	26/01/2022	205	57	43,3	62,34	189
HUN	27/01/2022	189	58	43,3	62,34	187
MYS	01/12/2021	125,733704	1	30,26	78,24	122,7062095
MYS	02/12/2021	122,7062095	2	30,26	78,24	122,7062095
MYS	03/12/2021	122,7062095	3	30,26	78,24	121,9029966
MYS	04/12/2021	121,9029966	4	30,26	78,24	106,6728452
MYS	05/12/2021	106,6728452	5	30,26	78,24	116,5894347
MYS	06/12/2021	116,5894347	6	30,26	78,24	116,5585419
MYS	07/12/2021	116,5585419	7	30,26	78,24	115,6626506
MYS	08/12/2021	115,6626506	8	30,26	78,24	114,7667593
MYS	09/12/2021	114,7667593	9	30,26	78,24	114,6122953
MYS	10/12/2021	114,6122953	10	30,26	78,24	112,5424776
MYS	11/12/2021	112,5424776	11	30,26	78,24	110,1019462
MYS	12/12/2021	110,1019462	12	30,26	78,24	108,9280198
MYS	13/12/2021	108,9280198	13	30,26	78,24	107,1053445
MYS	14/12/2021	107,1053445	14	30,26	78,24	105,7460612
MYS	15/12/2021	105,7460612	15	30,26	78,24	101,8226753
MYS	16/12/2021	101,8226753	16	30,26	78,24	98,60982391
MYS	17/12/2021	98,60982391	17	30,26	78,24	96,44732777
MYS	18/12/2021	96,44732777	18	30,26	78,24	94,40840284
MYS	19/12/2021	94,40840284	19	30,26	78,24	90,23787458
MYS	20/12/2021	90,23787458	20	30,26	78,24	87,05591597
MYS	21/12/2021	87,05591597	21	30,26	78,24	81,40253321
MYS	22/12/2021	81,40253321	22	30,26	78,24	83,81217176
MYS	23/12/2021	83,81217176	23	30,26	78,24	83,16342292
MYS	24/12/2021	83,16342292	24	30,26	78,24	82,05128205
MYS	25/12/2021	82,05128205	25	30,26	78,24	82,42199568
MYS	26/12/2021	82,42199568	26	30,26	78,24	82,57645968
MYS	27/12/2021	82,57645968	27	30,26	78,24	80,69199876
MYS	28/12/2021	80,69199876	28	30,26	78,24	81,52610442
MYS	29/12/2021	81,52610442	29	30,26	78,24	80,97003398
MYS	30/12/2021	80,97003398	30	30,26	78,24	82,29842447
MYS	31/12/2021	82,29842447	31	30,26	78,24	80,97003398
MYS	01/01/2022	80,97003398	32	30,26	78,24	79,95057152
MYS	02/01/2022	79,95057152	33	30,26	78,24	77,97343219
MYS	03/01/2022	77,97343219	34	30,26	78,24	79,45628669
MYS	04/01/2022	79,45628669	35	30,26	78,24	77,60271857
MYS	05/01/2022	77,60271857	36	30,26	78,24	79,6107507
MYS	06/01/2022	79,6107507	37	30,26	78,24	77,17021934
MYS	07/01/2022	77,17021934	38	30,26	78,24	78,62218103
MYS	08/01/2022	78,62218103	39	30,26	78,24	78,80753784
MYS	09/01/2022	78,80753784	40	30,26	78,24	76,42879209
MYS	10/01/2022	76,42879209	41	30,26	78,24	74,79147359
MYS	11/01/2022	74,79147359	42	30,26	78,24	77,91164659
MYS	12/01/2022	77,91164659	43	30,26	78,24	76,02718567
MYS	13/01/2022	76,02718567	44	30,26	78,24	73,06147668
MYS	14/01/2022	73,06147668	45	30,26	78,24	73,27772629
MYS	15/01/2022	73,27772629	46	30,26	78,24	70,00308928
MYS	16/01/2022	70,00308928	47	30,26	78,24	64,62774174
MYS	17/01/2022	64,62774174	48	30,26	78,24	60
MYS	18/01/2022	60	49	30,26	78,24	57
MYS	19/01/2022	57	50	30,26	78,24	58
MYS	20/01/2022	58	51	30,26	78,24	57
MYS	21/01/2022	57	52	30,26	78,24	54
MYS	22/01/2022	54	53	30,26	78,24	51
MYS	23/01/2022	51	54	30,26	78,24	45
MYS	24/01/2022	45	55	30,26	78,24	46
MYS	25/01/2022	46	56	30,26	78,24	41
MYS	26/01/2022	41	57	30,26	78,24	38
MYS	27/01/2022	38	58	30,26	78,24	37
NLD	01/12/2021	125,0573394	1	43,8	71,32	126,6055046
NLD	02/12/2021	126,6055046	2	43,8	71,32	121,8463303
NLD	03/12/2021	121,8463303	3	43,8	71,32	118,8646789
NLD	04/12/2021	118,8646789	4	43,8	71,32	120,0688073
NLD	05/12/2021	120,0688073	5	43,8	71,32	122,3623853
NLD	06/12/2021	122,3623853	6	43,8	71,32	126,2614679
NLD	07/12/2021	126,2614679	7	43,8	71,32	126,0321101
NLD	08/12/2021	126,0321101	8	43,8	71,32	126,3761468
NLD	09/12/2021	126,3761468	9	43,8	71,32	123,1651376
NLD	10/12/2021	123,1651376	10	43,8	71,32	120,9288991
NLD	11/12/2021	120,9288991	11	43,8	71,32	121,559633
NLD	12/12/2021	121,559633	12	43,8	71,32	121,4449541
NLD	13/12/2021	121,4449541	13	43,8	71,32	120,9862385
NLD	14/12/2021	120,9862385	14	43,8	71,32	114,4495413
NLD	15/12/2021	114,4495413	15	43,8	71,32	110,2637615
NLD	16/12/2021	110,2637615	16	43,8	71,32	105,1605505
NLD	17/12/2021	105,1605505	17	43,8	71,32	99,5412844
NLD	18/12/2021	99,5412844	18	43,8	71,32	98,27981651
NLD	19/12/2021	98,27981651	19	43,8	71,32	104,0711009
NLD	20/12/2021	104,0711009	20	43,8	71,32	100,5733945
NLD	21/12/2021	100,5733945	21	43,8	71,32	95,98623853
NLD	22/12/2021	95,98623853	22	43,8	71,32	95,01146789
NLD	23/12/2021	95,01146789	23	43,8	71,32	90,59633028
NLD	24/12/2021	90,59633028	24	43,8	71,32	82,79816514
NLD	25/12/2021	82,79816514	25	43,8	71,32	82,68348624
NLD	26/12/2021	82,68348624	26	43,8	71,32	83,94495413
NLD	27/12/2021	83,94495413	27	43,8	71,32	84,34633028
NLD	28/12/2021	84,34633028	28	43,8	71,32	83,14220183
NLD	29/12/2021	83,14220183	29	43,8	71,32	78,26834862
NLD	30/12/2021	78,26834862	30	43,8	71,32	73,68119266
NLD	31/12/2021	73,68119266	31	43,8	71,32	68,11926606
NLD	01/01/2022	68,11926606	32	43,8	71,32	68,80733945
NLD	02/01/2022	68,80733945	33	43,8	71,32	71,96100917
NLD	03/01/2022	71,96100917	34	43,8	71,32	70,47018349
NLD	04/01/2022	70,47018349	35	43,8	71,32	67,94724771
NLD	05/01/2022	67,94724771	36	43,8	71,32	64,33486239
NLD	06/01/2022	64,33486239	37	43,8	71,32	63,47477064
NLD	07/01/2022	63,47477064	38	43,8	71,32	61,69724771
NLD	08/01/2022	61,69724771	39	43,8	71,32	61,52522936
NLD	09/01/2022	61,52522936	40	43,8	71,32	64,79357798
NLD	10/01/2022	64,79357798	41	43,8	71,32	63,18807339
NLD	11/01/2022	63,18807339	42	43,8	71,32	60,60779817
NLD	12/01/2022	60,60779817	43	43,8	71,32	57,45412844
NLD	13/01/2022	57,45412844	44	43,8	71,32	54,70183486
NLD	14/01/2022	54,70183486	45	43,8	71,32	51,49082569
NLD	15/01/2022	51,49082569	46	43,8	71,32	51,94954128
NLD	16/01/2022	51,94954128	47	43,8	71,32	52,92431193
NLD	17/01/2022	52,92431193	48	43,8	71,32	51
NLD	18/01/2022	51	49	43,8	71,32	50
NLD	19/01/2022	50	50	43,8	71,32	48
NLD	20/01/2022	48	51	43,8	71,32	43
NLD	21/01/2022	43	52	43,8	71,32	44
NLD	22/01/2022	44	53	43,8	71,32	39
NLD	23/01/2022	39	54	43,8	71,32	40
NLD	24/01/2022	40	55	43,8	71,32	34
NLD	25/01/2022	34	56	43,8	71,32	29
NLD	26/01/2022	29	57	43,8	71,32	29
NLD	27/01/2022	29	58	43,8	71,32	28
SVK	01/12/2021	631,7431193	1	42,7	44,65	625,3211009
SVK	02/12/2021	625,3211009	2	42,7	44,65	626,9724771
SVK	03/12/2021	626,9724771	3	42,7	44,65	624,7706422
SVK	04/12/2021	624,7706422	4	42,7	44,65	626,7889908
SVK	05/12/2021	626,7889908	5	42,7	44,65	644,0366972
SVK	06/12/2021	644,0366972	6	42,7	44,65	640,5504587
SVK	07/12/2021	640,5504587	7	42,7	44,65	623,3027523
SVK	08/12/2021	623,3027523	8	42,7	44,65	626,9724771
SVK	09/12/2021	626,9724771	9	42,7	44,65	612,4770642
SVK	10/12/2021	612,4770642	10	42,7	44,65	613,5779817
SVK	11/12/2021	613,5779817	11	42,7	44,65	613,3944954
SVK	12/12/2021	613,3944954	12	42,7	44,65	612,6605505
SVK	13/12/2021	612,6605505	13	42,7	44,65	590,4587156
SVK	14/12/2021	590,4587156	14	42,7	44,65	567,8899083
SVK	15/12/2021	567,8899083	15	42,7	44,65	561,6513761
SVK	16/12/2021	561,6513761	16	42,7	44,65	542,3853211
SVK	17/12/2021	542,3853211	17	42,7	44,65	540,1834862
SVK	18/12/2021	540,1834862	18	42,7	44,65	543,3027523
SVK	19/12/2021	543,3027523	19	42,7	44,65	542,2018349
SVK	20/12/2021	542,2018349	20	42,7	44,65	517,6146789
SVK	21/12/2021	517,6146789	21	42,7	44,65	493,5779817
SVK	22/12/2021	493,5779817	22	42,7	44,65	460,3669725
SVK	23/12/2021	460,3669725	23	42,7	44,65	453,9449541
SVK	24/12/2021	453,9449541	24	42,7	44,65	453,3944954
SVK	25/12/2021	453,3944954	25	42,7	44,65	453,9449541
SVK	26/12/2021	453,9449541	26	42,7	44,65	432,1100917
SVK	27/12/2021	432,1100917	27	42,7	44,65	430,0917431
SVK	28/12/2021	430,0917431	28	42,7	44,65	410,6422018
SVK	29/12/2021	410,6422018	29	42,7	44,65	407,3394495
SVK	30/12/2021	407,3394495	30	42,7	44,65	390,0917431
SVK	31/12/2021	390,0917431	31	42,7	44,65	388,8073394
SVK	01/01/2022	388,8073394	32	42,7	44,65	388,9908257
SVK	02/01/2022	388,9908257	33	42,7	44,65	385,3211009
SVK	03/01/2022	385,3211009	34	42,7	44,65	377,0642202
SVK	04/01/2022	377,0642202	35	42,7	44,65	366,7889908
SVK	05/01/2022	366,7889908	36	42,7	44,65	364,2201835
SVK	06/01/2022	364,2201835	37	42,7	44,65	350,8256881
SVK	07/01/2022	350,8256881	38	42,7	44,65	349,7247706
SVK	08/01/2022	349,7247706	39	42,7	44,65	349,5412844
SVK	09/01/2022	349,5412844	40	42,7	44,65	346,4220183
SVK	10/01/2022	346,4220183	41	42,7	44,65	322,5688073
SVK	11/01/2022	322,5688073	42	42,7	44,65	322,0183486
SVK	12/01/2022	322,0183486	43	42,7	44,65	320
SVK	13/01/2022	320	44	42,7	44,65	319,0825688
SVK	14/01/2022	319,0825688	45	42,7	44,65	314,4954128
SVK	15/01/2022	314,4954128	46	42,7	44,65	314,1284404
SVK	16/01/2022	314,1284404	47	42,7	44,65	313,5779817
SVK	17/01/2022	313,5779817	48	42,7	44,65	312
SVK	18/01/2022	312	49	42,7	44,65	305
SVK	19/01/2022	305	50	42,7	44,65	306
SVK	20/01/2022	306	51	42,7	44,65	301
SVK	21/01/2022	301	52	42,7	44,65	288
SVK	22/01/2022	288	53	42,7	44,65	287
SVK	23/01/2022	287	54	42,7	44,65	290
SVK	24/01/2022	290	55	42,7	44,65	281
SVK	25/01/2022	281	56	42,7	44,65	275
SVK	26/01/2022	275	57	42,7	44,65	266
SVK	27/01/2022	266	58	42,7	44,65	260
CHE	01/12/2021	154,9246813	1	43,5	67,11	153,4183082
CHE	02/12/2021	153,4183082	2	43,5	67,11	154,3453071
CHE	03/12/2021	154,3453071	3	43,5	67,11	160,9501738
CHE	04/12/2021	160,9501738	4	43,5	67,11	172,8852839
CHE	05/12/2021	172,8852839	5	43,5	67,11	180,8806489
CHE	06/12/2021	180,8806489	6	43,5	67,11	184,5886443
CHE	07/12/2021	184,5886443	7	43,5	67,11	189,8030127
CHE	08/12/2021	189,8030127	8	43,5	67,11	189,571263
CHE	09/12/2021	189,571263	9	43,5	67,11	187,4855156
CHE	10/12/2021	187,4855156	10	43,5	67,11	191,3093859
CHE	11/12/2021	191,3093859	11	43,5	67,11	197,9142526
CHE	12/12/2021	197,9142526	12	43,5	67,11	203,7079954
CHE	13/12/2021	203,7079954	13	43,5	67,11	195,0173812
CHE	14/12/2021	195,0173812	14	43,5	67,11	191,193511
CHE	15/12/2021	191,193511	15	43,5	67,11	188,5283893
CHE	16/12/2021	188,5283893	16	43,5	67,11	183,6616454
CHE	17/12/2021	183,6616454	17	43,5	67,11	183,198146
CHE	18/12/2021	183,198146	18	43,5	67,11	192,6998841
CHE	19/12/2021	192,6998841	19	43,5	67,11	198,2618772
CHE	20/12/2021	198,2618772	20	43,5	67,11	194,3221321
CHE	21/12/2021	194,3221321	21	43,5	67,11	193,0475087
CHE	22/12/2021	193,0475087	22	43,5	67,11	187,9490151
CHE	23/12/2021	187,9490151	23	43,5	67,11	189,4553882
CHE	24/12/2021	189,4553882	24	43,5	67,11	188,0648899
CHE	25/12/2021	188,0648899	25	43,5	67,11	195,5967555
CHE	26/12/2021	195,5967555	26	43,5	67,11	199,4206257
CHE	27/12/2021	199,4206257	27	43,5	67,11	196,7555041
CHE	28/12/2021	196,7555041	28	43,5	67,11	200,5793743
CHE	29/12/2021	200,5793743	29	43,5	67,11	191,5411356
CHE	30/12/2021	191,5411356	30	43,5	67,11	184,5886443
CHE	31/12/2021	184,5886443	31	43,5	67,11	184,3568946
CHE	01/01/2022	184,3568946	32	43,5	67,11	195,0173812
CHE	02/01/2022	195,0173812	33	43,5	67,11	201,7381228
CHE	03/01/2022	201,7381228	34	43,5	67,11	207,184241
CHE	04/01/2022	207,184241	35	43,5	67,11	206,8366165
CHE	05/01/2022	206,8366165	36	43,5	67,11	191,7728853
CHE	06/01/2022	191,7728853	37	43,5	67,11	210,5446118
CHE	07/01/2022	210,5446118	38	43,5	67,11	209,0382387
CHE	08/01/2022	209,0382387	39	43,5	67,11	215,4113557
CHE	09/01/2022	215,4113557	40	43,5	67,11	216,4542294
CHE	10/01/2022	216,4542294	41	43,5	67,11	206,8366165
CHE	11/01/2022	206,8366165	42	43,5	67,11	208,9223638
CHE	12/01/2022	208,9223638	43	43,5	67,11	205,0984936
CHE	13/01/2022	205,0984936	44	43,5	67,11	205,6778679
CHE	14/01/2022	205,6778679	45	43,5	67,11	209,9652375
CHE	15/01/2022	209,9652375	46	43,5	67,11	214,9478563
CHE	16/01/2022	214,9478563	47	43,5	67,11	208,6906141
CHE	17/01/2022	208,6906141	48	43,5	67,11	207
CHE	18/01/2022	207	49	43,5	67,11	199
CHE	19/01/2022	199	50	43,5	67,11	187
CHE	20/01/2022	187	51	43,5	67,11	188
CHE	21/01/2022	188	52	43,5	67,11	191
CHE	22/01/2022	191	53	43,5	67,11	175
CHE	23/01/2022	175	54	43,5	67,11	171
CHE	24/01/2022	171	55	43,5	67,11	164
CHE	25/01/2022	164	56	43,5	67,11	160
CHE	26/01/2022	160	57	43,5	67,11	155
CHE	27/01/2022	155	58	43,5	67,11	154
GBR	01/12/2021	109,5953585	1	40,5	69,79	110,6664683
GBR	02/12/2021	110,6664683	2	40,5	69,79	109,3127046
GBR	03/12/2021	109,3127046	3	40,5	69,79	107,1258554
GBR	04/12/2021	107,1258554	4	40,5	69,79	108,6283844
GBR	05/12/2021	108,6283844	5	40,5	69,79	110,2201726
GBR	06/12/2021	110,2201726	6	40,5	69,79	109,9821482
GBR	07/12/2021	109,9821482	7	40,5	69,79	110,2499256
GBR	08/12/2021	110,2499256	8	40,5	69,79	111,2466528
GBR	09/12/2021	111,2466528	9	40,5	69,79	110,5177031
GBR	10/12/2021	110,5177031	10	40,5	69,79	109,9970247
GBR	11/12/2021	109,9970247	11	40,5	69,79	111,8119607
GBR	12/12/2021	111,8119607	12	40,5	69,79	115,0252901
GBR	13/12/2021	115,0252901	13	40,5	69,79	114,9806605
GBR	14/12/2021	114,9806605	14	40,5	69,79	113,8054151
GBR	15/12/2021	113,8054151	15	40,5	69,79	113,9988099
GBR	16/12/2021	113,9988099	16	40,5	69,79	112,1094912
GBR	17/12/2021	112,1094912	17	40,5	69,79	111,0978875
GBR	18/12/2021	111,0978875	18	40,5	69,79	113,4037489
GBR	19/12/2021	113,4037489	19	40,5	69,79	117,0038679
GBR	20/12/2021	117,0038679	20	40,5	69,79	120,0833085
GBR	21/12/2021	120,0833085	21	40,5	69,79	123,3412675
GBR	22/12/2021	123,3412675	22	40,5	69,79	123,8470693
GBR	23/12/2021	123,8470693	23	40,5	69,79	127,0752752
GBR	24/12/2021	127,0752752	24	40,5	69,79	124,2189824
GBR	25/12/2021	124,2189824	25	40,5	69,79	130,3778637
GBR	26/12/2021	130,3778637	26	40,5	69,79	145,522166
GBR	27/12/2021	145,522166	27	40,5	69,79	162,7045522
GBR	28/12/2021	162,7045522	28	40,5	69,79	178,1910146
GBR	29/12/2021	178,1910146	29	40,5	69,79	195,7899435
GBR	30/12/2021	195,7899435	30	40,5	69,79	210,8896162
GBR	31/12/2021	210,8896162	31	40,5	69,79	215,6649807
GBR	01/01/2022	215,6649807	32	40,5	69,79	225,0520678
GBR	02/01/2022	225,0520678	33	40,5	69,79	242,6361202
GBR	03/01/2022	242,6361202	34	40,5	69,79	257,2894972
GBR	04/01/2022	257,2894972	35	40,5	69,79	267,5989289
GBR	05/01/2022	267,5989289	36	40,5	69,79	270,7676287
GBR	06/01/2022	270,7676287	37	40,5	69,79	278,8009521
GBR	07/01/2022	278,8009521	38	40,5	69,79	277,7149658
GBR	08/01/2022	277,7149658	39	40,5	69,79	284,2308837
GBR	09/01/2022	284,2308837	40	40,5	69,79	296,1321035
GBR	10/01/2022	296,1321035	41	40,5	69,79	294,5105623
GBR	11/01/2022	294,5105623	42	40,5	69,79	294,0047605
GBR	12/01/2022	294,0047605	43	40,5	69,79	291,297233
GBR	13/01/2022	291,297233	44	40,5	69,79	287,7863731
GBR	14/01/2022	287,7863731	45	40,5	69,79	287,7863731
GBR	15/01/2022	287,7863731	46	40,5	69,79	287,7863731
GBR	16/01/2022	287,7863731	47	40,5	69,79	287,7863731
GBR	17/01/2022	287,7863731	48	40,5	69,79	275
GBR	18/01/2022	275	49	40,5	69,79	276
GBR	19/01/2022	276	50	40,5	69,79	266
GBR	20/01/2022	266	51	40,5	69,79	255
GBR	21/01/2022	255	52	40,5	69,79	255
GBR	22/01/2022	255	53	40,5	69,79	241
GBR	23/01/2022	241	54	40,5	69,79	244
GBR	24/01/2022	244	55	40,5	69,79	235
GBR	25/01/2022	235	56	40,5	69,79	222
GBR	26/01/2022	222	57	40,5	69,79	201
GBR	27/01/2022	201	58	40,5	69,79	188
USA	01/12/2021	161,7905918	1	38	61,93	162,6282246
USA	02/12/2021	162,6282246	2	38	61,93	165,0743551
USA	03/12/2021	165,0743551	3	38	61,93	165,6206373
USA	04/12/2021	165,6206373	4	38	61,93	168,92261
USA	05/12/2021	168,92261	5	38	61,93	174,3459788
USA	06/12/2021	174,3459788	6	38	61,93	178,8710167
USA	07/12/2021	178,8710167	7	38	61,93	181,2473445
USA	08/12/2021	181,2473445	8	38	61,93	183,2200303
USA	09/12/2021	183,2200303	9	38	61,93	185,6206373
USA	10/12/2021	185,6206373	10	38	61,93	184,9013657
USA	11/12/2021	184,9013657	11	38	61,93	187,3353566
USA	12/12/2021	187,3353566	12	38	61,93	191,4688923
USA	13/12/2021	191,4688923	13	38	61,93	191,939302
USA	14/12/2021	191,939302	14	38	61,93	191,8937785
USA	15/12/2021	191,8937785	15	38	61,93	191,5144158
USA	16/12/2021	191,5144158	16	38	61,93	191,4719272
USA	17/12/2021	191,4719272	17	38	61,93	188,1760243
USA	18/12/2021	188,1760243	18	38	61,93	189,8209408
USA	19/12/2021	189,8209408	19	38	61,93	193,5174507
USA	20/12/2021	193,5174507	20	38	61,93	194,4946889
USA	21/12/2021	194,4946889	21	38	61,93	197,414264
USA	22/12/2021	197,414264	22	38	61,93	199,2746586
USA	23/12/2021	199,2746586	23	38	61,93	199,7389985
USA	24/12/2021	199,7389985	24	38	61,93	201,660091
USA	25/12/2021	201,660091	25	38	61,93	211,629742
USA	26/12/2021	211,629742	26	38	61,93	226,6616085
USA	27/12/2021	226,6616085	27	38	61,93	241,7693475
USA	28/12/2021	241,7693475	28	38	61,93	259,5174507
USA	29/12/2021	259,5174507	29	38	61,93	272,8892261
USA	30/12/2021	272,8892261	30	38	61,93	284,5007587
USA	31/12/2021	284,5007587	31	38	61,93	292,7435508
USA	01/01/2022	292,7435508	32	38	61,93	311,2837633
USA	02/01/2022	311,2837633	33	38	61,93	329,723824
USA	03/01/2022	329,723824	34	38	61,93	347,599393
USA	04/01/2022	347,599393	35	38	61,93	363,1593323
USA	05/01/2022	363,1593323	36	38	61,93	363,1138088
USA	06/01/2022	363,1138088	37	38	61,93	400,0667678
USA	07/01/2022	400,0667678	38	38	61,93	404,7617602
USA	08/01/2022	404,7617602	39	38	61,93	415,8543247
USA	09/01/2022	415,8543247	40	38	61,93	431,2200303
USA	10/01/2022	431,2200303	41	38	61,93	442,1183612
USA	11/01/2022	442,1183612	42	38	61,93	453,1441578
USA	12/01/2022	453,1441578	43	38	61,93	457,1623672
USA	13/01/2022	457,1623672	44	38	61,93	459,4567527
USA	14/01/2022	459,4567527	45	38	61,93	451,599393
USA	15/01/2022	451,599393	46	38	61,93	440,7344461
USA	16/01/2022	440,7344461	47	38	61,93	419,5963581
USA	17/01/2022	419,5963581	48	38	61,93	408
USA	18/01/2022	408	49	38	61,93	409
USA	19/01/2022	409	50	38	61,93	401
USA	20/01/2022	401	51	38	61,93	378
USA	21/01/2022	378	52	38	61,93	388
USA	22/01/2022	388	53	38	61,93	352
USA	23/01/2022	352	54	38	61,93	351
USA	24/01/2022	351	55	38	61,93	347
USA	25/01/2022	347	56	38	61,93	347
USA	26/01/2022	347	57	38	61,93	332
USA	27/01/2022	332	58	38	61,93	330
POL	01/12/2021	562,1080369	1	41,7	55,97	567,8524374
POL	02/12/2021	567,8524374	2	41,7	55,97	580,6324111
POL	03/12/2021	580,6324111	3	41,7	55,97	588,9328063
POL	04/12/2021	588,9328063	4	41,7	55,97	586,6666667
POL	05/12/2021	586,6666667	5	41,7	55,97	600,2108037
POL	06/12/2021	600,2108037	6	41,7	55,97	621,9762846
POL	07/12/2021	621,9762846	7	41,7	55,97	617,997365
POL	08/12/2021	617,997365	8	41,7	55,97	617,4703557
POL	09/12/2021	617,4703557	9	41,7	55,97	624,6640316
POL	10/12/2021	624,6640316	10	41,7	55,97	625,9552042
POL	11/12/2021	625,9552042	11	41,7	55,97	623,030303
POL	12/12/2021	623,030303	12	41,7	55,97	633,7549407
POL	13/12/2021	633,7549407	13	41,7	55,97	646,6930171
POL	14/12/2021	646,6930171	14	41,7	55,97	639,657444
POL	15/12/2021	639,657444	15	41,7	55,97	631,4361001
POL	16/12/2021	631,4361001	16	41,7	55,97	627,0092227
POL	17/12/2021	627,0092227	17	41,7	55,97	622,9512516
POL	18/12/2021	622,9512516	18	41,7	55,97	611,831357
POL	19/12/2021	611,831357	19	41,7	55,97	622,1870883
POL	20/12/2021	622,1870883	20	41,7	55,97	628,6693017
POL	21/12/2021	628,6693017	21	41,7	55,97	628,6693017
POL	22/12/2021	628,6693017	22	41,7	55,97	628,6693017
POL	23/12/2021	628,6693017	23	41,7	55,97	628,6693017
POL	24/12/2021	628,6693017	24	41,7	55,97	551,1462451
POL	25/12/2021	551,1462451	25	41,7	55,97	549,0909091
POL	26/12/2021	549,0909091	26	41,7	55,97	556,2318841
POL	27/12/2021	556,2318841	27	41,7	55,97	560,8168643
POL	28/12/2021	560,8168643	28	41,7	55,97	548,6693017
POL	29/12/2021	548,6693017	29	41,7	55,97	538,4189723
POL	30/12/2021	538,4189723	30	41,7	55,97	525,3227931
POL	31/12/2021	525,3227931	31	41,7	55,97	511,4097497
POL	01/01/2022	511,4097497	32	41,7	55,97	504,2160738
POL	02/01/2022	504,2160738	33	41,7	55,97	501,9762846
POL	03/01/2022	501,9762846	34	41,7	55,97	494,229249
POL	04/01/2022	494,229249	35	41,7	55,97	495,3623188
POL	05/01/2022	495,3623188	36	41,7	55,97	486,3241107
POL	06/01/2022	486,3241107	37	41,7	55,97	485,8761528
POL	07/01/2022	485,8761528	38	41,7	55,97	481,8445323
POL	08/01/2022	481,8445323	39	41,7	55,97	475,9683794
POL	09/01/2022	475,9683794	40	41,7	55,97	471,4097497
POL	10/01/2022	471,4097497	41	41,7	55,97	459,9736495
POL	11/01/2022	459,9736495	42	41,7	55,97	460,7378129
POL	12/01/2022	460,7378129	43	41,7	55,97	456,5217391
POL	13/01/2022	456,5217391	44	41,7	55,97	447,6679842
POL	14/01/2022	447,6679842	45	41,7	55,97	433,6758893
POL	15/01/2022	433,6758893	46	41,7	55,97	436,8115942
POL	16/01/2022	436,8115942	47	41,7	55,97	427,6943347
POL	17/01/2022	427,6943347	48	41,7	55,97	425
POL	18/01/2022	425	49	41,7	55,97	422
POL	19/01/2022	422	50	41,7	55,97	401
POL	20/01/2022	401	51	41,7	55,97	397
POL	21/01/2022	397	52	41,7	55,97	388
POL	22/01/2022	388	53	41,7	55,97	357
POL	23/01/2022	357	54	41,7	55,97	357
POL	24/01/2022	357	55	41,7	55,97	366
POL	25/01/2022	366	56	41,7	55,97	344
POL	26/01/2022	344	57	41,7	55,97	321
POL	27/01/2022	321	58	41,7	55,97	318
NOR	01/12/2021	47,858473	1	39,8	71,99	48,78957169
NOR	02/12/2021	48,78957169	2	39,8	71,99	48,78957169
NOR	03/12/2021	48,78957169	3	39,8	71,99	48,78957169
NOR	04/12/2021	48,78957169	4	39,8	71,99	48,78957169
NOR	05/12/2021	48,78957169	5	39,8	71,99	54,93482309
NOR	06/12/2021	54,93482309	6	39,8	71,99	59,59031657
NOR	07/12/2021	59,59031657	7	39,8	71,99	57,16945996
NOR	08/12/2021	57,16945996	8	39,8	71,99	58,84543762
NOR	09/12/2021	58,84543762	9	39,8	71,99	58,47299814
NOR	10/12/2021	58,47299814	10	39,8	71,99	57,16945996
NOR	11/12/2021	57,16945996	11	39,8	71,99	61,63873371
NOR	12/12/2021	61,63873371	12	39,8	71,99	66,66666667
NOR	13/12/2021	66,66666667	13	39,8	71,99	67,59776536
NOR	14/12/2021	67,59776536	14	39,8	71,99	69,83240223
NOR	15/12/2021	69,83240223	15	39,8	71,99	69,08752328
NOR	16/12/2021	69,08752328	16	39,8	71,99	71,32216015
NOR	17/12/2021	71,32216015	17	39,8	71,99	67,7839851
NOR	18/12/2021	67,7839851	18	39,8	71,99	66,29422719
NOR	19/12/2021	66,29422719	19	39,8	71,99	69,45996276
NOR	20/12/2021	69,45996276	20	39,8	71,99	62,75605214
NOR	21/12/2021	62,75605214	21	39,8	71,99	58,84543762
NOR	22/12/2021	58,84543762	22	39,8	71,99	57,91433892
NOR	23/12/2021	57,91433892	23	39,8	71,99	53,63128492
NOR	24/12/2021	53,63128492	24	39,8	71,99	52,70018622
NOR	25/12/2021	52,70018622	25	39,8	71,99	57,16945996
NOR	26/12/2021	57,16945996	26	39,8	71,99	61,08007449
NOR	27/12/2021	61,08007449	27	39,8	71,99	58,65921788
NOR	28/12/2021	58,65921788	28	39,8	71,99	60,14897579
NOR	29/12/2021	60,14897579	29	39,8	71,99	60,70763501
NOR	30/12/2021	60,70763501	30	39,8	71,99	58,10055866
NOR	31/12/2021	58,10055866	31	39,8	71,99	54,93482309
NOR	01/01/2022	54,93482309	32	39,8	71,99	58,47299814
NOR	02/01/2022	58,47299814	33	39,8	71,99	58,47299814
NOR	03/01/2022	58,47299814	34	39,8	71,99	58,47299814
NOR	04/01/2022	58,47299814	35	39,8	71,99	58,47299814
NOR	05/01/2022	58,47299814	36	39,8	71,99	58,47299814
NOR	06/01/2022	58,47299814	37	39,8	71,99	52,141527
NOR	07/01/2022	52,141527	38	39,8	71,99	45,81005587
NOR	08/01/2022	45,81005587	39	39,8	71,99	47,858473
NOR	09/01/2022	47,858473	40	39,8	71,99	45,43761639
NOR	10/01/2022	45,43761639	41	39,8	71,99	45,25139665
NOR	11/01/2022	45,25139665	42	39,8	71,99	43,38919926
NOR	12/01/2022	43,38919926	43	39,8	71,99	44,32029795
NOR	13/01/2022	44,32029795	44	39,8	71,99	40,78212291
NOR	14/01/2022	40,78212291	45	39,8	71,99	40,22346369
NOR	15/01/2022	40,22346369	46	39,8	71,99	40,96834264
NOR	16/01/2022	40,96834264	47	39,8	71,99	39,29236499
NOR	17/01/2022	39,29236499	48	39,8	71,99	35
NOR	18/01/2022	35	49	39,8	71,99	31
NOR	19/01/2022	31	50	39,8	71,99	32
NOR	20/01/2022	32	51	39,8	71,99	28
NOR	21/01/2022	28	52	39,8	71,99	27
NOR	22/01/2022	27	53	39,8	71,99	24
NOR	23/01/2022	24	54	39,8	71,99	24
NOR	24/01/2022	24	55	39,8	71,99	23
NOR	25/01/2022	23	56	39,8	71,99	21
NOR	26/01/2022	21	57	39,8	71,99	19
NOR	27/01/2022	19	58	39,8	71,99	18
LUX	01/12/2021	105	1	40,4	68	110
LUX	02/12/2021	110	2	40,4	68	116,6666667
LUX	03/12/2021	116,6666667	3	40,4	68	110
LUX	04/12/2021	110	4	40,4	68	116,6666667
LUX	05/12/2021	116,6666667	5	40,4	68	120
LUX	06/12/2021	120	6	40,4	68	120
LUX	07/12/2021	120	7	40,4	68	126,6666667
LUX	08/12/2021	126,6666667	8	40,4	68	133,3333333
LUX	09/12/2021	133,3333333	9	40,4	68	130
LUX	10/12/2021	130	10	40,4	68	136,6666667
LUX	11/12/2021	136,6666667	11	40,4	68	145
LUX	12/12/2021	145	12	40,4	68	145
LUX	13/12/2021	145	13	40,4	68	136,6666667
LUX	14/12/2021	136,6666667	14	40,4	68	131,6666667
LUX	15/12/2021	131,6666667	15	40,4	68	135
LUX	16/12/2021	135	16	40,4	68	131,6666667
LUX	17/12/2021	131,6666667	17	40,4	68	126,6666667
LUX	18/12/2021	126,6666667	18	40,4	68	118,3333333
LUX	19/12/2021	118,3333333	19	40,4	68	116,6666667
LUX	20/12/2021	116,6666667	20	40,4	68	120
LUX	21/12/2021	120	21	40,4	68	115
LUX	22/12/2021	115	22	40,4	68	105
LUX	23/12/2021	105	23	40,4	68	103,3333333
LUX	24/12/2021	103,3333333	24	40,4	68	96,66666667
LUX	25/12/2021	96,66666667	25	40,4	68	113,3333333
LUX	26/12/2021	113,3333333	26	40,4	68	108,3333333
LUX	27/12/2021	108,3333333	27	40,4	68	110
LUX	28/12/2021	110	28	40,4	68	110
LUX	29/12/2021	110	29	40,4	68	111,6666667
LUX	30/12/2021	111,6666667	30	40,4	68	111,6666667
LUX	31/12/2021	111,6666667	31	40,4	68	113,3333333
LUX	01/01/2022	113,3333333	32	40,4	68	115
LUX	02/01/2022	115	33	40,4	68	110
LUX	03/01/2022	110	34	40,4	68	110
LUX	04/01/2022	110	35	40,4	68	110
LUX	05/01/2022	110	36	40,4	68	110
LUX	06/01/2022	110	37	40,4	68	121,6666667
LUX	07/01/2022	121,6666667	38	40,4	68	116,6666667
LUX	08/01/2022	116,6666667	39	40,4	68	113,3333333
LUX	09/01/2022	113,3333333	40	40,4	68	110
LUX	10/01/2022	110	41	40,4	68	110
LUX	11/01/2022	110	42	40,4	68	106,6666667
LUX	12/01/2022	106,6666667	43	40,4	68	111,6666667
LUX	13/01/2022	111,6666667	44	40,4	68	98,33333333
LUX	14/01/2022	98,33333333	45	40,4	68	101,6666667
LUX	15/01/2022	101,6666667	46	40,4	68	101,6666667
LUX	16/01/2022	101,6666667	47	40,4	68	96,66666667
LUX	17/01/2022	96,66666667	48	40,4	68	96
LUX	18/01/2022	96	49	40,4	68	95
LUX	19/01/2022	95	50	40,4	68	93
LUX	20/01/2022	93	51	40,4	68	94
LUX	21/01/2022	94	52	40,4	68	92
LUX	22/01/2022	92	53	40,4	68	89
LUX	23/01/2022	89	54	40,4	68	88
LUX	24/01/2022	88	55	40,4	68	88
LUX	25/01/2022	88	56	40,4	68	87
LUX	26/01/2022	87	57	40,4	68	87
LUX	27/01/2022	87	58	40,4	68	86
LTU	01/12/2021	417,921147	1	45,1	68,36	417,2043011
LTU	02/12/2021	417,2043011	2	45,1	68,36	413,6200717
LTU	03/12/2021	413,6200717	3	45,1	68,36	411,4695341
LTU	04/12/2021	411,4695341	4	45,1	68,36	435,483871
LTU	05/12/2021	435,483871	5	45,1	68,36	427,5985663
LTU	06/12/2021	427,5985663	6	45,1	68,36	421,5053763
LTU	07/12/2021	421,5053763	7	45,1	68,36	410,7526882
LTU	08/12/2021	410,7526882	8	45,1	68,36	411,4695341
LTU	09/12/2021	411,4695341	9	45,1	68,36	408,2437276
LTU	10/12/2021	408,2437276	10	45,1	68,36	425,8064516
LTU	11/12/2021	425,8064516	11	45,1	68,36	435,8422939
LTU	12/12/2021	435,8422939	12	45,1	68,36	416,4874552
LTU	13/12/2021	416,4874552	13	45,1	68,36	420,4301075
LTU	14/12/2021	420,4301075	14	45,1	68,36	413,6200717
LTU	15/12/2021	413,6200717	15	45,1	68,36	437,6344086
LTU	16/12/2021	437,6344086	16	45,1	68,36	428,6738351
LTU	17/12/2021	428,6738351	17	45,1	68,36	434,4086022
LTU	18/12/2021	434,4086022	18	45,1	68,36	435,483871
LTU	19/12/2021	435,483871	19	45,1	68,36	433,6917563
LTU	20/12/2021	433,6917563	20	45,1	68,36	433,6917563
LTU	21/12/2021	433,6917563	21	45,1	68,36	433,6917563
LTU	22/12/2021	433,6917563	22	45,1	68,36	433,6917563
LTU	23/12/2021	433,6917563	23	45,1	68,36	433,6917563
LTU	24/12/2021	433,6917563	24	45,1	68,36	433,6917563
LTU	25/12/2021	433,6917563	25	45,1	68,36	433,6917563
LTU	26/12/2021	433,6917563	26	45,1	68,36	394,265233
LTU	27/12/2021	394,265233	27	45,1	68,36	322,5806452
LTU	28/12/2021	322,5806452	28	45,1	68,36	322,5806452
LTU	29/12/2021	322,5806452	29	45,1	68,36	322,5806452
LTU	30/12/2021	322,5806452	30	45,1	68,36	322,5806452
LTU	31/12/2021	322,5806452	31	45,1	68,36	317,921147
LTU	01/01/2022	317,921147	32	45,1	68,36	340,8602151
LTU	02/01/2022	340,8602151	33	45,1	68,36	331,5412186
LTU	03/01/2022	331,5412186	34	45,1	68,36	331,5412186
LTU	04/01/2022	331,5412186	35	45,1	68,36	331,5412186
LTU	05/01/2022	331,5412186	36	45,1	68,36	331,5412186
LTU	06/01/2022	331,5412186	37	45,1	68,36	339,7849462
LTU	07/01/2022	339,7849462	38	45,1	68,36	348,0286738
LTU	08/01/2022	348,0286738	39	45,1	68,36	364,874552
LTU	09/01/2022	364,874552	40	45,1	68,36	339,7849462
LTU	10/01/2022	339,7849462	41	45,1	68,36	348,0286738
LTU	11/01/2022	348,0286738	42	45,1	68,36	345,5197133
LTU	12/01/2022	345,5197133	43	45,1	68,36	339,4265233
LTU	13/01/2022	339,4265233	44	45,1	68,36	321,8637993
LTU	14/01/2022	321,8637993	45	45,1	68,36	323,297491
LTU	15/01/2022	323,297491	46	45,1	68,36	329,7491039
LTU	16/01/2022	329,7491039	47	45,1	68,36	313,6200717
LTU	17/01/2022	313,6200717	48	45,1	68,36	313
LTU	18/01/2022	313	49	45,1	68,36	313
LTU	19/01/2022	313	50	45,1	68,36	311
LTU	20/01/2022	311	51	45,1	68,36	301
LTU	21/01/2022	301	52	45,1	68,36	288
LTU	22/01/2022	288	53	45,1	68,36	289
LTU	23/01/2022	289	54	45,1	68,36	287
LTU	24/01/2022	287	55	45,1	68,36	285
LTU	25/01/2022	285	56	45,1	68,36	281
LTU	26/01/2022	281	57	45,1	68,36	266
LTU	27/01/2022	266	58	45,1	68,36	260
